-0.2100067138671875
-1.2100067138671875
-0.7100067138671875
-0.180389404296875
-0.2100067138671875
-0.7100067138671875
-0.2100067138671875
-0.7100067138671875
-1.2100067138671875
-0.2100067138671875
0.1146697998046875
-0.1973419189453125
-0.4998626708984375
104.28999328613281
113.78999328613281
114.28999328613281
112.78999328613281
112.78999328613281
115.09858703613281
114.78999328613281
113.78999328613281
114.28999328613281
114.28999328613281
114.28999328613281
114.28999328613281
114.78999328613281
113.78999328613281
113.78999328613281
114.78999328613281
114.28999328613281
113.78999328613281
113.78999328613281
113.78999328613281
114.28999328613281
113.78999328613281
113.78999328613281
113.78999328613281
113.78999328613281
114.28999328613281
113.28999328613281
113.78999328613281
113.78999328613281
114.78999328613281
113.28999328613281
114.28999328613281
113.28999328613281
113.28999328613281
113.78999328613281
114.78999328613281
114.78999328613281
114.28999328613281
