0.0
-0.5
14.114593505859375
32.0
29.5
-52.0
-55.180877685546875
12.411346435546875
-12.0
-79.39361572265625
-98.5
-24.0
45.5
50.793701171875
42.5
-5.5
-1.5
-36.5
-59.30979919433594
-139.5
-167.13028717041016
-105.5
-78.0
-85.0
-86.0
-71.0
-70.51785278320312
-48.5
-24.0
-2.5
6.0
66.0
22.5
-62.0
-51.0
-37.0
-32.411346435546875
78.54998779296875
162.5
11.0
-65.0
-33.588653564453125
-40.5
-35.0
-43.5
-99.59574890136719
-90.20280456542969
20.0
109.5
109.5
88.0
11.0
6.5
-61.5
-170.0
1.650238037109375
32.5
121.32073974609375
52.0
-34.0
-19.612533569335938
59.5
70.0
92.0
83.5
79.5
68.5
21.0
17.0
-43.47222900390625
-105.29347229003906
-168.5
-160.5
-106.79147338867188
-21.5
59.5
51.5
67.5
62.0
205.6842041015625
205.6842041015625
162.5
137.0
98.0
90.0
23.0
-147.2410125732422
-15.255966186523438
4.0
158.12542724609375
211.5
71.2293701171875
9.5
-51.37872314453125
-68.0
-30.5
-26.0
-93.0
-90.5
-99.5
-103.5
-104.0
-100.0
84.3160400390625
210.66665649414062
130.0
38.8873291015625
-17.5
0.0
136.48959350585938
203.0
90.13113403320312
0.404266357421875
-6.0
-6.0
-7.5
61.19287109375
211.0
210.5
78.5
-82.0
-175.56937408447266
7.5
112.0
83.5
-7.704193115234375
-78.0
-85.5
-95.59574890136719
67.35671997070312
93.0
-0.345245361328125
-161.5
-32.0
-25.0
33.885406494140625
28.0
-6.5
-6.839111328125
67.0
70.5
7.5
25.576416015625
70.0
66.0
68.5
66.0
49.5
51.5
50.5
46.5
-12.0
62.561492919921875
203.5
172.5
63.0
33.5
-46.0
-61.144073486328125
86.39569091796875
101.5
34.5
42.5
-25.673812866210938
-118.40425109863281
-107.0
-112.0
-49.5
39.5
39.5
39.5
90.41546630859375
22.944732666015625
40.5
-16.5
-143.5
-253.0
-223.4235382080078
-219.5
-180.37480926513672
-13.786407470703125
7.404266357421875
0.588653564453125
-30.0
-61.052001953125
-124.0
-111.41134643554688
-152.58865356445312
-145.5
-167.5
-171.03571319580078
17.639862060546875
130.5
33.633026123046875
-68.0
-125.0
-104.41134643554688
-103.61038208007812
-89.5
-117.0
-113.21212768554688
6.090118408203125
3.595733642578125
112.95159912109375
102.0
64.5
26.5
-49.0
-46.585113525390625
-90.0
-68.60430908203125
-20.0
-34.0
-109.5
-149.5
-75.0
88.85403442382812
-50.5
-173.29710388183594
-79.79747009277344
100.36285400390625
-43.44773864746094
-91.40425109863281
-1.0
5.588653564453125
-29.0
2.0
65.0
53.647674560546875
-40.61393737792969
-101.5
-25.5
101.5
77.5
77.0
25.5
77.0
131.0
101.5
0.5
-31.5
60.846771240234375
82.96450805664062
-19.5
-34.5
93.5
58.0
-54.5
-75.0
-140.5
-146.0
-44.25
97.0
-10.5
-23.404251098632812
-23.0
-24.5
36.5
73.0
74.5
71.5
-19.0
-15.0
23.5
10.54449462890625
-75.5
-99.5
-21.5
-5.5
-29.0
-24.0
26.588653564453125
28.5
28.5
42.5
68.0
63.5
-19.69671630859375
-21.10357666015625
158.0
166.0
97.5
96.0
37.5
77.48257446289062
167.80459594726562
146.5
31.5
-75.5
29.0
29.5
-51.0
-57.30281066894531
33.5
92.5
97.5
84.5
7.0
-6.5
-36.0
-56.0
-94.17134094238281
-82.59574890136719
-85.0
-38.25048828125
36.5
51.439208984375
210.0
210.0
143.87234497070312
-142.27777862548828
-201.5
-223.26295471191406
-135.5
19.0
61.5
30.5
-18.5
-28.0
-22.0
-23.5
-23.5
-20.0
66.0
81.0
130.5
103.0
-37.5
-201.5
-240.0
18.5
37.0
21.0
-72.5
-110.79719543457031
-14.0
55.5
-6.0
-1.5
-67.5
-75.5
-67.0
-73.5
-115.5
-128.5
-86.69013977050781
-63.5
-53.5
-55.89497375488281
-43.5
-42.56626892089844
-55.5
-38.64326477050781
72.76223754882812
68.5
33.0
-33.03125
209.79998779296875
188.5
188.5
-123.04222106933594
75.0
41.54449462890625
-84.5
-142.0
-117.60430908203125
-87.821533203125
-12.0
-25.5
-48.0
-47.5
74.68832397460938
161.0
27.0
-15.0
-44.0
-46.5
-6.56500244140625
-11.5
-134.0
-238.0833339691162
-152.52631378173828
-41.5
-166.96088409423828
-238.50950622558594
-131.5
-84.5
-45.0
-37.5
-46.0
-39.758758544921875
15.0
46.0
46.0
54.5
53.0
49.5
-42.0
-175.5
21.385101318359375
84.5
45.5
60.0
19.5
61.5
141.70269775390625
121.5
11.5
-51.0
-66.5
-64.5
-36.5
-36.5
-6.5
0.5
-1.5
1.5
21.731292724609375
20.5
40.5
69.12356567382812
103.0
100.0
27.0
-33.943634033203125
-151.27426147460938
-201.5
-76.52984619140625
53.783203125
25.0
8.5
-58.0
-56.588653564453125
40.5
45.0
41.5
40.0
39.5
38.5
-34.0
-64.5
87.5
99.5
5.0
-15.0
-69.0
-132.0
-60.0
-55.0
-67.0
-53.20280456542969
-45.5
-45.5
-90.0
-94.10417175292969
-2.0
79.5
79.5
70.5
22.795928955078125
26.5
36.5
55.5
114.0
112.5
12.60809326171875
-208.5
-110.79719543457031
-122.5
-145.5
-184.52008056640625
-135.5
-92.0
-18.5
-13.5
76.0
44.0
-17.5
6.66546630859375
77.5
90.0
68.5
35.122344970703125
-16.0
-9.5
-2.5
3.0
2.0
7.206298828125
13.0
9.5
-71.5
-187.7441177368164
20.20550537109375
90.0
21.795928955078125
21.5
43.5
24.295684814453125
-80.5
-107.17646789550781
