-0.3662109375
-0.074554443359375
-0.3662109375
-0.3662109375
-0.3662109375
-0.074554443359375
-0.074554443359375
-0.460601806640625
-0.3662109375
-0.3662109375
0.0
-0.271820068359375
-0.3662109375
-17.8662109375
-86.80946350097656
-129.3662109375
-132.8662109375
-132.8662109375
-134.3662109375
-133.8662109375
-133.8662109375
-133.8662109375
-134.3662109375
-134.73040771484375
-133.8662109375
-134.3662109375
-134.3385467529297
-134.3662109375
-134.8662109375
-134.3662109375
-134.96885681152344
-134.45701599121094
-134.8662109375
-134.3662109375
-134.8662109375
-134.8662109375
-135.16563415527344
-134.8662109375
-135.3662109375
-135.3662109375
-134.8662109375
-134.8662109375
-135.3662109375
-135.3662109375
-134.8662109375
-135.2242431640625
-134.8662109375
-134.8662109375
-135.3662109375
-134.8662109375
-134.8662109375
