0.0
0.0
-0.064557
-0.0677600609
-0.16492568786533002
-0.05996994989896973
-0.1763029088550383
-0.15898715722074833
-0.13517038959341743
-0.14969997460412865
-0.2084989000643838
-0.3430978859044847
-0.2520943078160527
-0.3322190258124983
-0.3343436000705069
-0.3673796312920581
-0.45272245211895734
-0.35245209222525714
-0.40237123585113055
-0.3825882792321969
-0.45498526494028035
-0.45508133950416685
-0.42436426515449865
-0.4416284417192722
-0.4347866485466524
-0.43749805118096163
-0.3073095223169849
-0.3013292363057789
-0.23594322365201983
-0.3232137004667046
-0.21388941050504506
-0.22842762661685073
-0.25334513157174215
-0.23837932435811868
-0.17975327375687766
-0.23875677761014946
-0.14572568903309785
-0.1538069094361834
-0.1167263217904406
-0.09754335867444847
-0.20038156695731615
-0.11876578501481569
-0.15620111939862863
-0.14136549638232357
-0.08268785378368526
-0.07715480354552562
-0.17458355135490827
-0.09511153859804992
-0.06714029725359288
-0.0494383001984012
-0.08713260163137367
-0.06710334997348669
-0.2041549424055073
-0.14285839632469752
-0.20611921753652246
-0.21492695409027623
-0.1807574480940236
-0.1993898233203385
-0.1920058130181499
-0.2594890963009072
-0.26153247113595046
-0.35915768168882284
-0.25401981074671953
-0.30586794900107506
-0.349877531810874
-0.3612235341433507
-0.3906051134189902
-0.4773961935520542
-1.9259198884953213
-2.0529399481893047
-6.172637898532579
-13.56392560081154
-16.203334284398387
-24.289555623092923
-28.98791410656828
-35.01776963956699
-38.683436891839605
-41.418296959763964
-45.98404691484554
-46.431827207646705
-48.45669287760961
-50.608660612603316
-50.566442799225314
-52.115308718667016
-53.090427154792266
-52.64845071855582
-52.82307798023632
-52.44551019643234
-52.578294309153854
-52.264244965282316
-52.23458572025861
-52.012392679061506
-51.83771378128792
-51.67488402847559
-51.373153459515116
-51.13345228399415
-50.89475685985311
-50.52145785644021
-50.33759925149273
-50.03271341663341
-49.845438672988166
-49.70489865389477
-49.479388663461485
-49.4268482726702
-49.169663029540786
-49.03953054139298
-48.91851304644595
-48.951784279693456
-48.82169188995747
-48.77161350400984
-48.56071156836089
-48.48508400545857
-48.41022220863676
-48.299286938717245
-48.20773858618635
-47.979393198294346
-47.74768647551595
-47.514112849753026
-47.30686707764288
-47.53599557713012
-47.34179895278333
-47.996573075011966
-48.08631409037275
-48.37934772598527
-48.27921349619203
-48.06184269145909
-48.11586774137476
-48.15581561409318
-48.581701272134865
-48.61443178585294
-48.32215068326647
-48.50938868422149
-48.43009526444301
-48.848861246701226
-48.855626287932296
-48.99165630209242
-49.11222860748076
-49.16927880285536
-49.287272810428405
-49.31146678522721
-49.40860371301444
-49.47174234853236
-49.61291150727661
-49.493716169666264
-49.71921828196125
-49.72130379485874
-49.82211130609747
-49.88379528939356
-49.96098392681332
-49.96747106980387
-50.03774721503672
-50.142209778680936
-50.13279726470873
-50.20937444399591
-50.2467829078444
-50.29971393362124
-50.21737936810588
-50.260190556419616
-50.24322448249089
-49.79804913758884
-49.90207712677352
-49.681278834659636
-49.53483419782437
-49.459250207402185
-49.3147231428065
-49.07349521850577
-48.81301584490615
-47.58861182066367
-46.72733613547096
-44.41325868951283
-42.13189058134604
-38.78806376261254
-34.687131330876625
-30.248818853573567
-24.80848608832877
-20.094295963195282
-15.202069509785684
-10.757691853271908
-7.530045718548318
-5.538784881739275
-2.7223745513666993
-0.674744965293351
0.803844429745781
2.351798452491773
3.1073052732775364
3.497273920200138
4.108732345424711
4.692731371508213
4.995639557471321
5.384941043374141
5.886416864510854
6.034166996594374
6.405712619249675
6.70397408899138
6.832516068532742
7.0710708820405
7.2219676094473755
7.115497236376031
7.2847804452242055
7.254770509557674
7.14583944706232
7.170403827129229
7.191347963308713
7.177956802140784
7.247820719311633
7.184363648936825
7.1500456859263615
7.134858894667408
7.106999420043332
7.019605129836853
6.927017487045681
6.931723969883823
6.792454790735068
6.75110416643172
6.665857418843137
6.533449704912493
6.584615881943208
6.292729725985936
6.254287209591803
5.4545619788387985
5.120562087786214
4.593838244610353
4.4222159036609465
3.445239837379196
3.0939494524466538
2.3248578319954203
2.3738938411802444
1.9602648707402985
1.668499031725649
1.6019398337271546
1.3030512438939579
1.4393837920448538
1.2889452032126538
1.3709530159668546
1.2298363197723647
1.4167668664742412
1.2967342908162875
1.3493942005495345
1.4576390783222486
1.472315633260922
1.6633693145387256
1.842098740648332
1.9643542690810951
1.9900584031631912
2.1255658548264567
2.2073762517323043
2.310466791438517
2.405124010552945
2.5031233546178973
2.5997982145649567
