0.06183
0.055881629999999995
0.07517598462999998
0.09600752817962999
0.24060132976939466
0.12599379497876928
0.3829285999416397
0.38912706031416544
0.2208736549808638
0.32818141316207067
0.3348243708193158
0.4590339910581991
0.3854881006159314
0.4301837762550187
0.390879827233274
0.41802156720449973
0.4198492004667271
0.4819746155852929
0.4143989995557308
0.43983895580878496
0.4415731287000258
0.44187244238694734
0.3802549926984775
0.20092075214213106
0.1378486756649812
0.06528968413081758
-0.09905576093547382
-0.07382210562350001
-0.20954643718428123
-0.35820810313596324
-0.4361686651913769
-0.539231871042137
-0.6438606408117176
-0.7486302577909205
-0.7916245031086091
-0.902446549386416
-1.04990500899073
-1.128097051508323
-1.231478724305852
-1.336431369049165
-1.4415253310172014
-1.4230140924996333
-1.6637691780957091
-1.7185313645177696
-1.8207539163278774
-1.9258956457886818
-1.907600423008975
-2.1485818085035597
-2.2035710172048533
-2.3060207349313737
-2.3495597389602616
-2.4611002673293934
-2.609288045845053
-2.626380384452133
-2.7364411038473366
-2.884660415099603
-2.840045827171684
-3.0798435878907244
-3.1351708714585413
-3.23805096693485
-3.343856127942346
-3.4498849851892546
-3.5559740421776103
-3.662113424047383
-3.706472554919997
-3.8186597918098073
-3.9056540611842503
-3.9911609219244877
-4.076615328216564
-4.162104157806027
-3.8148226871553996
-3.509219843275146
-3.501406591780799
-3.4298340401706846
-3.5204187334228507
-3.3218135266889077
-3.685167593320843
-3.8910137893371344
-3.9351118810351884
-4.6108239106960776
-4.690853793733048
-5.041194379119009
-5.687859130496794
-5.87134380585765
-6.316709029072082
-6.78125969896274
-6.928306641798861
-6.877100259579407
-7.268865125186412
-7.329168706102654
-7.5125255251936265
-7.45922512538886
-7.606219312231855
-7.677358016684448
-7.496614214153437
-7.5249068797263865
-7.5200212425805635
-7.483774177741748
-7.445611916133315
-7.407316878813407
-7.4308269507799904
-7.4483702845966295
-7.4233599918177875
-7.3632816468835
-7.372603146238908
-7.356781601624216
-7.153940432787064
-7.216164105392712
-7.1348674832120835
-7.074193501465438
-7.014741730271505
-6.955337817369321
-6.834080665043607
-6.842404327391381
-6.7576790662872135
-6.75846148326391
-7.1256825894886555
-8.280356800021
-8.257677227202848
-11.780357130252948
-12.013343982318972
-17.99894953743231
-21.64744734764644
-24.365015251865977
-29.714671770856334
-32.457771425225566
-36.96497495972126
-39.22714579475259
-40.90399280467177
-44.67073041642653
-45.04527916757762
-46.007011762781055
-48.06527737392219
-47.517284661377424
-47.52590582795671
-47.48739932436905
-47.730471826214504
-47.1763437045298
-47.074543296710566
-46.85647106306359
-46.621541455861674
-46.343287597090104
-46.02980758994562
-46.09475635605252
-45.548231346124616
-45.33555501331568
-45.035322978806626
-44.83368646890743
-44.53703218391425
-44.38750309457598
-44.10371811428727
-43.80854773185126
-43.58410797449295
-43.33450291029611
-43.145094008888876
-42.88769724718356
-42.77907988608345
-42.350834813845104
-42.17639465958843
-42.17651817749687
-41.8391833257395
-41.670213567780394
-41.543845653208216
-41.34845210438913
-41.23997238999858
-41.18881844634669
-40.841873643635516
-40.873873090786525
-40.69768548146594
-40.07287254145733
-39.560205933728646
-39.07283533457543
-38.729362218637924
-38.45282240611295
-37.98519439692513
-37.98444833022336
-37.6641363056892
-37.2630204294579
-37.0586345809823
-36.99286277321425
-36.968126492156024
-36.74771443863169
-36.694585279023244
-36.580013394640126
-36.36736012721553
-36.29177348379627
-36.28941433700366
-36.14838880938218
-35.99577359450556
-35.852109357474205
-35.75112397939687
-35.623328799451436
-35.493853788025696
-35.48788007700048
-35.65543297629467
-35.4726883703855
-35.54877933993461
-35.47784887196007
-35.498883576323195
-35.496146946793004
-35.553799521165246
-35.54358463285854
-35.558605196461144
-35.69882062807936
-35.76540955569451
-35.69105896135539
-35.71876035530521
-35.88916420627914
-35.89583509574488
-35.951293252253045
-36.00973036724216
-36.06837360028749
-36.18888511886484
-36.24164640588218
-36.134187953842535
-36.29345931268671
-35.93837390827589
-33.84658282070441
-33.97684644888219
-30.679455026642145
-27.44789396232301
-23.68082769761126
-18.563893728807265
-13.902030320897168
-9.281234766255327
-4.532023130763367
-0.39404496429550917
1.104667613681495
6.225405701153803
7.857536778239633
9.528325952450377
11.263881408259657
11.8166027544831
12.490584864422365
12.88643707834063
12.75286992072999
12.940382356430211
13.003091877773045
12.488430926811787
12.48162796922937
12.02345789842464
11.823951440412012
11.522621867948548
11.214993302662057
10.845017913801478
10.542654012134154
10.153071622014519
9.891415863982559
9.536492214256295
9.081454094603146
