-1
-1
-1
-1
-3
-1
-4
-4
0
0
0
-2
-1
-1
0
0
0
-1
0
0
0
0
1
4
5
5
6
4
4
5
5
5
5
5
4
4
5
5
5
5
5
3
5
5
5
5
3
5
5
5
4
4
5
4
4
5
3
5
5
5
5
5
5
5
4
4
4
4
4
4
-3
-10
-10
-8
-3
-3
4
9
9
17
16
16
21
19
19
20
16
8
8
6
6
3
3
3
-1
-2
-2
-2
-2
-2
-1
0
0
-1
-1
-1
-4
-3
-3
-3
-3
-3
-4
-3
-3
-2
5
25
25
74
74
147
188
188
212
195
195
165
123
123
86
56
56
27
5
-8
-8
-15
-15
-14
-13
-13
-14
-9
-13
-14
-15
-14
-14
-12
-12
-13
-13
-13
-12
-12
-10
-13
-13
-9
-10
-10
-9
-9
-8
-6
-9
-7
-7
-15
-22
-26
-25
-21
-20
-13
-11
-13
-13
-10
-6
-6
-5
-5
-7
-7
-5
-5
-6
-7
-7
-7
-7
-5
0
-1
0
-1
-1
-1
0
0
0
2
3
1
0
2
2
2
2
2
3
3
0
1
-5
-40
-40
-81
-124
-163
-209
-235
-243
-242
-227
-168
-168
-136
-103
-81
-52
-32
-18
-3
2
3
11
11
15
15
15
15
16
16
17
16
16
18
