0
0
1
1
2
0
1
1
0
0
1
3
1
1
1
1
2
0
0
0
1
1
0
0
0
0
-2
-2
-2
0
-1
-1
0
0
-1
0
-1
-1
-1
-1
1
0
0
0
-1
-1
1
0
-1
-1
0
0
2
1
1
1
0
0
0
1
1
2
0
0
1
1
1
2
24
24
76
180
180
227
234
234
205
160
160
111
83
83
52
46
46
21
8
-2
-2
-5
-5
-6
-7
-7
-9
-10
-10
-12
-11
-11
-10
-8
-8
-6
-7
-7
-6
-3
-3
-3
-5
-5
-4
-4
-4
-6
-8
-9
-9
-2
-2
8
10
10
5
-2
-2
0
7
7
-1
0
0
6
6
5
5
4
4
3
3
3
4
1
3
3
3
3
3
2
2
3
2
2
2
2
0
0
0
-7
-5
-5
-6
-5
-5
-7
-9
-25
-34
-58
-79
-105
-136
-161
-190
-199
-200
-194
-169
-129
-114
-102
-83
-71
-54
-35
-27
-25
-20
-17
-18
-14
-13
-13
-10
-9
-8
-3
-3
-2
1
1
0
0
-1
0
1
1
1
2
3
2
3
3
3
4
2
5
5
15
18
19
15
23
23
25
16
13
13
9
9
4
3
1
2
-1
0
0
-2
-2
-4
-6
-6
-4
-4
-4
-4
-4
-4
-4
