0.0
0.0
18.595748901367188
29.5
-54.0
-104.5
-37.38374328613281
9.0
-22.345535278320312
-93.28515625
-103.59574890136719
9.0
43.0
45.5
-13.25640869140625
-7.411346435546875
-44.0
-54.74888610839844
-65.5
-158.5
-172.36144638061523
-97.01411437988281
-86.0
-89.47444152832031
-73.68132019042969
-76.58511352539062
-76.58511352539062
-49.642974853515625
-23.074462890625
-6.5
8.0
64.0
64.0
-68.0
-50.5
-47.5
-31.5
77.5
77.5
-65.0
-66.49491882324219
-41.29347229003906
-39.0
-40.0
-56.384613037109375
-106.5
-97.38356018066406
-97.38356018066406
97.0
101.5
71.33334350585938
4.5
3.0
3.0
-163.0
9.664840698242188
48.58892822265625
122.70278930664062
122.70278930664062
-43.39361572265625
-4.5
59.482147216796875
71.5
86.5
74.5
73.0
57.291656494140625
15.0
15.5
-61.04545593261719
-118.42041015625
-175.0
-165.20731353759766
-104.0
-24.0465087890625
48.5
50.5
63.5
62.14202880859375
104.206298828125
113.0
113.5
105.5
96.5
96.5
96.5
-150.56832885742188
-5.0
12.214599609375
150.28570556640625
150.28570556640625
16.5
10.0
-67.5
-59.5
-24.180877685546875
-41.880462646484375
-103.0
-94.07353210449219
-113.35233306884766
-109.0
-112.5
-100.5
77.5
63.0
62.0
18.0809326171875
-18.5
-1.498748779296875
150.5
150.5
-4.0
-3.0
-20.0
-19.0
-18.5
56.205474853515625
122.5
79.5
79.5
241.0
-233.5
20.488006591796875
100.5
100.5
-93.26655578613281
-76.79591369628906
-107.0
-83.5
72.0
84.0
84.0
-159.0
-34.71427917480469
32.804962158203125
23.5
-18.153533935546875
-55.212127685546875
0.5833282470703125
71.48214721679688
61.125
-6.5
35.68035888671875
66.79269409179688
63.970794677734375
61.0
61.0
47.0
44.650604248046875
44.0
36.161468505859375
-18.824554443359375
-18.824554443359375
200.5
200.5
41.582427978515625
24.38848876953125
-57.5
-48.07142639160156
98.0
78.38595581054688
30.97381591796875
30.0
-54.5
-121.0
-117.0
-121.0
-47.5
-47.5
144.0
96.0
19.0
16.5
16.5
-20.0
-132.0
-152.5
-187.5
-149.0
-12.0
-13.0
8.0
-5.2504119873046875
-34.0426025390625
-76.0
-130.5
-120.5
-157.5
-144.5
-170.98148345947266
-178.55722427368164
-178.55722427368164
121.0
9.522933959960938
-80.0
-132.0
-107.0
-109.26811218261719
-93.58865356445312
-124.48877716064453
-103.5
5.0
14.193771362304688
113.2164306640625
62.5
32.0
13.050003051757812
-56.59375
-48.39569091796875
-97.5
-69.5
-23.527725219726562
-44.31877136230469
-128.34931182861328
-151.79946899414062
-151.79946899414062
-151.79946899414062
-151.79946899414062
-179.0
-179.0
-179.0
-68.0
-88.50704956054688
1.1934356689453125
-34.0
-46.0
12.545455932617188
66.3699951171875
38.0
-67.5
-67.5
114.0
90.35150146484375
70.0
16.5
16.5
82.0
124.5
82.01416015625
-9.5
-27.197128295898438
83.38406372070312
83.38406372070312
-35.966217041015625
107.0
131.5
131.5
-65.6239013671875
-82.0
-148.77749633789062
-148.13033294677734
-148.13033294677734
-148.13033294677734
-20.5
-27.0
-26.5
45.289031982421875
45.289031982421875
66.5
71.0
62.77545166015625
-27.0
-30.0
18.68310546875
-88.34475708007812
-88.34475708007812
-101.0
-11.455703735351562
-12.789474487304688
-29.0
-24.0
29.0
28.0
23.5
45.0
63.5
55.64190673828125
-40.93939208984375
-12.388107299804688
165.0
151.5
87.0
88.40426635742188
32.176483154296875
85.5
162.0
129.0
129.0
-49.45574951171875
39.0
12.572525024414062
-59.117645263671875
-59.26048278808594
53.0
89.5
93.0
74.67550659179688
-0.5801239013671875
-46.0
-67.0
-58.8204345703125
-96.5
-80.5
-87.0
-36.66978454589844
32.5
65.5
139.0
122.37539672851562
122.37539672851562
-158.40343475341797
-220.6440134048462
-219.26470565795898
-86.0
24.5
59.5
14.0
-25.098037719726562
-34.0
-27.0
-28.0
-28.0
-11.5
71.26058959960938
131.68310546875
134.0
134.0
134.0
-162.0
-64.0
18.0
31.0
12.5
-91.0
-114.5
-114.5
28.79290771484375
-10.5
-11.5
-81.0
-82.5
-73.0
-82.0
-129.5
-88.5
-71.0
-65.0
-58.0
-59.585113525390625
-50.5
-51.675323486328125
-64.39569091796875
-38.5
68.5
22.5
12.0
12.0
-167.5
-181.06809997558594
-181.06809997558594
62.588653564453125
78.5
78.5
78.5
-133.82508850097656
-144.71894073486328
-76.65789794921875
-11.5
-37.44999694824219
-56.5
-49.832000732421875
-49.832000732421875
-49.832000732421875
11.540985107421875
-47.5
-49.0
-5.5
-5.5
-33.0
-113.236328125
-120.61510467529297
-22.301376342773438
-61.79167175292969
-126.08087921142578
-92.5
-92.5
-86.5
-37.30534362792969
-40.0
-43.5
-34.517486572265625
17.5
45.5
50.27960205078125
51.5
50.0
43.333740234375
43.333740234375
-179.5
31.573638916015625
74.38998413085938
48.5
50.404266357421875
13.0
65.32052612304688
134.0
108.89794921875
108.89794921875
-52.526763916015625
-69.0
-56.74855041503906
-41.5
-35.5
-8.6151123046875
-9.0
-9.5
0.5
18.0
39.0
41.5
73.49810791015625
98.0
87.5
13.0
13.0
-182.5
-208.42105293273926
-208.42105293273926
47.61151123046875
18.0
-9.094345092773438
-66.5
-58.08952331542969
50.29315185546875
40.0
33.0
32.0
31.0
28.282623291015625
-63.0
-69.69876098632812
92.5
71.0
-7.0
-16.0
-80.5
-135.26004028320312
-59.68548583984375
-63.0
-71.81138610839844
-56.20280456542969
-52.0
-55.60430908203125
-97.5
-95.14852905273438
28.0
69.0
73.0
60.0
17.0
28.0
33.0
68.07208251953125
108.5
108.5
108.5
-205.24275398254395
-116.5
-127.5
-162.5304412841797
-184.62236404418945
-133.0
-93.01203918457031
-10.5
83.0660400390625
77.5
28.2490234375
-29.80291748046875
14.5
83.5
83.972900390625
62.0
23.104156494140625
-24.0
-4.5
-4.0
-1.86419677734375
-2.5
4.0
8.5
4.11358642578125
4.11358642578125
-176.0
-176.0
18.5
22.5
22.5
47.0
47.0
-101.09709167480469
-113.2934799194336
