0.308502197265625
0.308502197265625
-0.191497802734375
0.308502197265625
8.308502197265625
18.808502197265625
-87.21327209472656
-95.66447448730469
-22.065277099609375
-10.191497802734375
-52.363189697265625
-33.4798583984375
45.271453857421875
41.308502197265625
42.808502197265625
42.308502197265625
8.115142822265625
-3.191497802734375
-26.39886474609375
-80.02320861816406
-169.611083984375
-170.94082641601562
-99.19149780273438
-81.97274780273438
-94.90594482421875
-97.19149780273438
-94.69149780273438
-89.28240966796875
-67.19149780273438
-62.691497802734375
-37.191497802734375
2.308502197265625
59.308502197265625
64.60015869140625
-6.6734619140625
-67.69149780273438
-51.691497802734375
-12.691497802734375
89.80850219726562
109.80850219726562
37.067840576171875
-66.19149780273438
-51.691497802734375
-54.691497802734375
-52.191497802734375
-53.191497802734375
-109.19149780273438
-70.4320068359375
107.0567626953125
122.84442138671875
107.80850219726562
115.80850219726562
37.808502197265625
-47.127838134765625
-169.83273315429688
-162.69149780273438
-10.191497802734375
54.12127685546875
104.90032958984375
124.80850219726562
78.18350219726562
2.308502197265625
59.308502197265625
60.808502197265625
78.30850219726562
79.80850219726562
76.80850219726562
52.808502197265625
24.92236328125
10.104949951171875
-75.62007141113281
-159.83016967773438
-187.19149780273438
-187.19149780273438
-136.19149780273438
-94.69149780273438
30.988128662109375
47.308502197265625
40.808502197265625
82.80850219726562
102.80850219726562
103.80850219726562
105.30850219726562
103.80850219726562
103.41586303710938
101.43304443359375
-119.55816650390625
-153.1218719482422
-19.691497802734375
17.308502197265625
137.80850219726562
157.38177490234375
43.60882568359375
-16.191497802734375
-61.191497802734375
-59.531646728515625
-33.691497802734375
-32.691497802734375
-63.95556640625
-108.19149780273438
-110.69149780273438
-110.19149780273438
-111.19149780273438
-108.19149780273438
28.808502197265625
121.80850219726562
61.808502197265625
61.808502197265625
8.502655029296875
-11.664459228515625
103.30850219726562
160.21267700195312
-6.042724609375
-6.042724609375
2.895904541015625
-5.07244873046875
-2.691497802734375
26.308502197265625
112.97406005859375
124.30850219726562
8.043609619140625
-216.19149780273438
-38.691497802734375
26.808502197265625
91.80850219726562
96.67214965820312
-38.94488525390625
-99.69149780273438
-91.19149780273438
-98.19149780273438
8.308502197265625
95.30816650390625
-25.19976806640625
-183.69149780273438
-80.69149780273438
-33.191497802734375
-1.954437255859375
10.00567626953125
-43.191497802734375
-38.191497802734375
12.308502197265625
65.30850219726562
30.508514404296875
16.308502197265625
56.808502197265625
55.808502197265625
56.808502197265625
55.308502197265625
54.808502197265625
55.308502197265625
54.46466064453125
45.421844482421875
-1.691497802734375
62.308502197265625
198.30850219726562
207.34158325195312
89.58831787109375
25.808502197265625
-54.17291259765625
-54.691497802734375
102.30850219726562
105.5615234375
41.308502197265625
29.808502197265625
-55.566070556640625
-133.58187866210938
-131.69149780273438
-105.95098876953125
-50.691497802734375
-26.191497802734375
94.30850219726562
131.74774169921875
30.808502197265625
27.808502197265625
28.43115234375
19.808502197265625
-56.91070556640625
-184.60940551757812
-217.19149780273438
-174.69149780273438
-49.45379638671875
-19.691497802734375
-28.191497802734375
-25.545562744140625
-44.191497802734375
-52.691497802734375
-106.92910766601562
-139.69149780273438
-151.69149780273438
-172.7480010986328
-196.69149780273438
-189.5345916748047
-189.5345916748047
121.30850219726562
-8.27191162109375
-8.27191162109375
-77.33200073242188
-129.69149780273438
-120.69149780273438
-120.69149780273438
-138.93853759765625
-83.69149780273438
-10.2349853515625
26.308502197265625
92.80850219726562
113.30850219726562
100.80850219726562
8.4427490234375
-48.191497802734375
-62.191497802734375
-97.40255737304688
-106.19149780273438
-57.191497802734375
-64.58009338378906
-146.1734619140625
-133.89028930664062
53.308502197265625
132.80850219726562
98.80850219726562
-136.6783447265625
117.80850219726562
149.67544555664062
4.188385009765625
-91.69149780273438
-22.691497802734375
-0.691497802734375
-41.203887939453125
-12.691497802734375
53.3653564453125
60.308502197265625
-24.691497802734375
-37.475860595703125
115.99932861328125
118.99966430664062
83.30850219726562
86.40289306640625
49.808502197265625
74.80850219726562
122.30850219726562
94.03378295898438
-11.994842529296875
-23.191497802734375
86.80850219726562
125.80850219726562
61.584564208984375
-42.691497802734375
137.80850219726562
124.1298828125
-39.49102783203125
-98.72598266601562
-149.71388244628906
-163.69149780273438
28.308502197265625
158.9754638671875
147.48486328125
5.4803466796875
-21.5408935546875
-24.191497802734375
43.308502197265625
55.308502197265625
61.907958984375
39.284027099609375
-53.624542236328125
-66.19149780273438
-2.02838134765625
6.808502197265625
-38.485015869140625
-70.69149780273438
0.131195068359375
5.308502197265625
-22.691497802734375
-3.691497802734375
19.808502197265625
18.808502197265625
18.808502197265625
19.808502197265625
45.8819580078125
33.71954345703125
-63.30059814453125
-72.35816955566406
91.80850219726562
158.74530029296875
102.30850219726562
74.56097412109375
38.808502197265625
44.308502197265625
134.80850219726562
96.80850219726562
-64.16218566894531
-97.64901733398438
18.808502197265625
35.808502197265625
-35.630218505859375
10.31695556640625
84.80850219726562
85.30850219726562
83.30850219726562
87.30850219726562
21.308502197265625
-35.561859130859375
-65.98316955566406
-76.19149780273438
-92.69149780273438
-89.19149780273438
-90.69149780273438
-87.69149780273438
-17.936767578125
74.80850219726562
137.80850219726562
125.74368286132812
-46.79217529296875
-170.59500122070312
-231.69149780273438
-245.69149780273438
-109.09149169921875
-36.191497802734375
41.7315673828125
42.808502197265625
-3.969268798828125
-28.691497802734375
-23.191497802734375
-24.419952392578125
-27.191497802734375
-15.691497802734375
55.81573486328125
76.80850219726562
136.30850219726562
92.21630859375
-71.5135498046875
-169.19149780273438
-65.69149780273438
-14.691497802734375
7.808502197265625
20.308502197265625
-4.67010498046875
-122.56246948242188
77.05526733398438
82.80850219726562
8.60595703125
-9.691497802734375
-55.872528076171875
-85.19149780273438
-87.19149780273438
-93.86061096191406
-130.48402404785156
-133.19149780273438
-106.19149780273438
-88.69149780273438
-85.69149780273438
-82.69149780273438
-75.57878112792969
-75.19149780273438
-75.69149780273438
-36.16168212890625
58.94818115234375
73.80850219726562
36.6739501953125
20.88848876953125
-47.7633056640625
-162.19149780273438
39.101593017578125
68.96038818359375
66.30850219726562
73.30850219726562
1.603790283203125
-144.69149780273438
-149.19149780273438
-119.69149780273438
-41.47149658203125
-27.191497802734375
-50.990631103515625
18.78021240234375
204.30850219726562
236.80850219726562
105.15338134765625
-0.57611083984375
-33.691497802734375
-39.691497802734375
-16.191497802734375
-15.691497802734375
-98.27781677246094
-128.19149780273438
-30.191497802734375
-4.191497802734375
-35.291656494140625
-125.87779235839844
-105.80374145507812
-79.69149780273438
-49.134490966796875
-46.691497802734375
-49.191497802734375
-22.691497802734375
6.308502197265625
17.7215576171875
38.808502197265625
43.308502197265625
42.308502197265625
15.38885498046875
-139.99078369140625
-203.69149780273438
9.718719482421875
88.30850219726562
74.51119995117188
43.308502197265625
26.808502197265625
53.541259765625
125.61672973632812
137.30850219726562
49.843414306640625
-67.69149780273438
-72.69149780273438
-65.19149780273438
-54.691497802734375
-46.191497802734375
-25.691497802734375
-23.191497802734375
-23.191497802734375
-12.691497802734375
5.808502197265625
7.76031494140625
26.308502197265625
66.305419921875
96.30850219726562
88.30850219726562
22.9290771484375
3.308502197265625
-86.69149780273438
-131.20501708984375
29.64263916015625
50.308502197265625
28.808502197265625
25.402252197265625
-36.42791748046875
-65.19149780273438
15.308502197265625
61.808502197265625
46.308502197265625
47.0
46.87493896484375
-15.79058837890625
-109.52346801757812
-88.19149780273438
66.09228515625
111.30850219726562
36.96942138671875
-21.691497802734375
-81.70338439941406
-130.69149780273438
-82.19149780273438
-86.69149780273438
-84.19149780273438
-83.19149780273438
-76.69149780273438
-76.69149780273438
-94.69149780273438
-82.69149780273438
44.308502197265625
90.30850219726562
78.30850219726562
63.808502197265625
27.308502197265625
29.308502197265625
29.808502197265625
79.80938720703125
108.30850219726562
80.9693603515625
-77.88618469238281
-221.19149780273438
-166.19149780273438
-126.19149780273438
-174.0493927001953
-164.29527282714844
-138.69149780273438
-98.69149780273438
-40.191497802734375
-23.191497802734375
61.808502197265625
85.80850219726562
31.514923095703125
38.808502197265625
83.30850219726562
78.80850219726562
70.07086181640625
61.948822021484375
5.055999755859375
-13.191497802734375
-10.191497802734375
-7.741973876953125
-8.691497802734375
-6.191497802734375
-4.691497802734375
-45.78338623046875
-190.8719482421875
-205.69149780273438
-5.691497802734375
95.30850219726562
54.630828857421875
29.308502197265625
42.808502197265625
32.43170166015625
-89.5478515625
