-0.090301513671875
1.4114990234375
1.4114990234375
-0.749237060546875
-0.749237060546875
-3.521881103515625
-28.810302734375
-28.810302734375
-27.60394287109375
-28.333465576171875
-33.38037109375
-33.38037109375
-26.329437255859375
-26.329437255859375
-25.38372802734375
-25.146453857421875
-25.146453857421875
-27.0
-28.48138427734375
-49.283447265625
-49.283447265625
-56.502227783203125
-56.502227783203125
-54.764739990234375
-55.17584228515625
-55.502227783203125
-55.502227783203125
-51.47381591796875
-51.47381591796875
-48.11212158203125
-38.17584228515625
-20.77227783203125
-20.77227783203125
-20.8980712890625
-20.8980712890625
-24.906005859375
-24.22601318359375
25.59149169921875
25.59149169921875
30.435272216796875
-31.190338134765625
-31.190338134765625
-30.100189208984375
-29.90966796875
-29.90966796875
-31.439727783203125
-31.439727783203125
-33.01544189453125
-5.064727783203125
-2.797393798828125
-2.797393798828125
-4.516326904296875
-4.516326904296875
-13.020172119140625
-64.59909057617188
-35.064727783203125
-35.064727783203125
-15.968994140625
-15.968994140625
-5.250701904296875
-22.05535888671875
-16.69854736328125
-16.69854736328125
-13.77294921875
-13.77294921875
-13.1328125
-13.4493408203125
-14.1387939453125
-14.1387939453125
-23.064727783203125
-45.68011474609375
-45.68011474609375
-60.10247802734375
-60.10247802734375
-56.37322998046875
-44.064727783203125
-44.064727783203125
-24.199432373046875
-16.297821044921875
-16.297821044921875
67.92919921875
62.569183349609375
62.569183349609375
38.044921875
27.43145751953125
27.43145751953125
-9.122802734375
-47.0589599609375
-47.0589599609375
-23.564727783203125
55.9876708984375
55.9876708984375
23.52496337890625
-5.8333740234375
-5.8333740234375
-16.35797119140625
-16.2945556640625
-16.2945556640625
-28.600738525390625
-30.814727783203125
-32.76031494140625
-32.76031494140625
-33.07415771484375
-33.07415771484375
19.150665283203125
34.935272216796875
34.935272216796875
14.65057373046875
-2.687774658203125
-2.687774658203125
9.1156005859375
20.396820068359375
20.396820068359375
-7.52032470703125
-10.02569580078125
-10.02569580078125
-10.515106201171875
-7.064727783203125
-7.064727783203125
31.654022216796875
7.935272216796875
7.935272216796875
-64.99273681640625
-48.887298583984375
-48.887298583984375
-7.064727783203125
-25.171112060546875
-25.171112060546875
-33.6585693359375
-30.418914794921875
-5.5076904296875
-5.5076904296875
-35.064727783203125
-35.064727783203125
-55.564727783203125
-48.064727783203125
-48.064727783203125
-29.76324462890625
-29.900421142578125
-29.900421142578125
-24.564727783203125
-15.02569580078125
-15.02569580078125
-16.222625732421875
-15.258758544921875
-15.258758544921875
-14.4842529296875
-14.6529541015625
-14.277252197265625
-14.277252197265625
-15.258758544921875
-15.258758544921875
-16.258758544921875
-15.313385009765625
30.935272216796875
30.935272216796875
7.73907470703125
7.73907470703125
-13.53643798828125
-25.7506103515625
-4.064727783203125
-4.064727783203125
-3.9947509765625
-3.9947509765625
-23.295806884765625
-46.02569580078125
-48.232635498046875
-48.232635498046875
-43.900421142578125
-43.900421142578125
34.166046142578125
44.80169677734375
4.47149658203125
4.47149658203125
4.246856689453125
4.246856689453125
-14.564727783203125
-94.53802490234375
-93.16351318359375
-93.16351318359375
-60.921875
-60.921875
-45.4769287109375
-41.546661376953125
-41.84735107421875
-41.84735107421875
-48.437347412109375
-48.437347412109375
-55.564727783203125
-61.0272216796875
-60.3392333984375
-60.3392333984375
6.935272216796875
6.935272216796875
-2.435455322265625
-27.156524658203125
-27.156524658203125
-41.881988525390625
-41.358245849609375
-41.358245849609375
-45.0819091796875
-45.502227783203125
-45.502227783203125
-38.064727783203125
-7.064727783203125
-7.064727783203125
-5.222625732421875
-9.554351806640625
-9.554351806640625
-21.797393798828125
-30.02569580078125
-30.02569580078125
-29.905853271484375
-35.064727783203125
-35.064727783203125
-57.201416015625
6.87115478515625
6.87115478515625
-0.431976318359375
-24.4581298828125
-24.4581298828125
20.435272216796875
-26.3079833984375
-26.3079833984375
-28.086700439453125
-26.76385498046875
-26.76385498046875
-27.546661376953125
-15.97003173828125
-15.97003173828125
-23.064727783203125
-29.564727783203125
-29.564727783203125
-3.37298583984375
-2.797393798828125
-2.797393798828125
-4.232635498046875
-4.232635498046875
-4.232635498046875
-3.8231201171875
-11.813507080078125
-11.813507080078125
-7.10247802734375
-5.564727783203125
-5.564727783203125
-19.6429443359375
-4.68011474609375
-4.68011474609375
-9.94830322265625
-38.875762939453125
-38.875762939453125
-56.70721435546875
6.69970703125
6.69970703125
-8.331390380859375
-20.905853271484375
-20.905853271484375
-19.327362060546875
-13.153656005859375
-13.153656005859375
-13.17584228515625
-14.68682861328125
-14.68682861328125
-23.33917236328125
-18.680450439453125
-18.680450439453125
-23.633941650390625
-29.517364501953125
-29.517364501953125
-24.325927734375
-23.77294921875
-23.77294921875
-23.829437255859375
-22.812744140625
-22.812744140625
-22.115234375
-16.358245849609375
-24.01312255859375
-24.01312255859375
-17.064727783203125
-17.064727783203125
21.38262939453125
19.485504150390625
7.923065185546875
7.923065185546875
7.62701416015625
7.62701416015625
8.400909423828125
-44.103546142578125
-44.103546142578125
-31.564727783203125
-27.813507080078125
-27.813507080078125
-35.5341796875
-15.503662109375
-15.503662109375
-13.934295654296875
-13.9923095703125
-13.9923095703125
-17.329437255859375
-22.546661376953125
-22.546661376953125
-28.829437255859375
-29.7744140625
-29.7744140625
-29.0323486328125
-22.167083740234375
37.935272216796875
37.935272216796875
38.756256103515625
38.756256103515625
-66.5294189453125
-84.52059936523438
-60.064727783203125
-60.064727783203125
-40.564727783203125
-40.564727783203125
-29.358245849609375
-28.84735107421875
-28.84735107421875
-29.45068359375
-29.696319580078125
-29.696319580078125
-28.934295654296875
-16.428375244140625
-16.428375244140625
2.935272216796875
0.384002685546875
0.384002685546875
-97.75381469726562
-58.0
-58.0
-35.064727783203125
-34.98492431640625
-34.98492431640625
-48.64166259765625
-19.064727783203125
-19.064727783203125
-17.44598388671875
-24.805206298828125
-24.805206298828125
-32.22601318359375
-32.829986572265625
-32.829986572265625
-40.680450439453125
-41.533477783203125
-41.533477783203125
-41.45068359375
-41.035308837890625
-41.035308837890625
-41.531402587890625
-41.03656005859375
-41.03656005859375
-39.17242431640625
-18.064727783203125
-18.064727783203125
-17.232635498046875
-21.266845703125
-21.266845703125
-150.27574157714844
-17.69683837890625
-17.69683837890625
-17.206512451171875
-19.064727783203125
-19.064727783203125
-61.387481689453125
-61.23272705078125
-61.23272705078125
-54.646697998046875
-53.576629638671875
-53.576629638671875
-49.738800048828125
32.435272216796875
32.435272216796875
-1.122802734375
-14.28076171875
-14.28076171875
-17.0843505859375
-17.44598388671875
-17.44598388671875
-66.9708251953125
-66.9708251953125
-62.064727783203125
-42.564727783203125
-87.52188110351562
-87.52188110351562
-72.56472778320312
-72.56472778320312
-58.832244873046875
-56.812744140625
-56.1387939453125
-56.1387939453125
-43.18414306640625
-43.18414306640625
-26.064727783203125
-19.59051513671875
-19.046844482421875
-19.046844482421875
-47.191375732421875
-47.191375732421875
-35.859466552734375
-16.070281982421875
-16.277252197265625
-16.277252197265625
-16.6177978515625
-16.6177978515625
-5.88751220703125
6.435272216796875
-30.564727783203125
-30.564727783203125
-30.905853271484375
-30.905853271484375
-30.17584228515625
-29.23138427734375
-28.37298583984375
-28.37298583984375
-27.035308837890625
-27.035308837890625
-27.077911376953125
-25.533477783203125
-22.829437255859375
-22.829437255859375
-7.4056396484375
-7.4056396484375
-5.202239990234375
-11.064727783203125
-70.05987548828125
-70.05987548828125
-32.933380126953125
-32.933380126953125
-26.101776123046875
-25.658599853515625
-27.788909912109375
-27.788909912109375
-18.05609130859375
-18.05609130859375
-15.812744140625
-15.812744140625
-16.07415771484375
-16.07415771484375
-39.179412841796875
-39.179412841796875
-19.836883544921875
-4.439727783203125
-16.564727783203125
-16.564727783203125
-53.381195068359375
-53.381195068359375
-55.079864501953125
-54.313323974609375
-54.62286376953125
-54.62286376953125
-51.1328125
-51.1328125
-51.546661376953125
-50.47515869140625
-17.564727783203125
-17.564727783203125
-16.48138427734375
-16.48138427734375
-15.326446533203125
-16.086700439453125
-15.346282958984375
-15.346282958984375
-6.564727783203125
-6.564727783203125
-10.53887939453125
-83.45010375976562
-74.23263549804688
-74.23263549804688
-74.30947875976562
-74.30947875976562
-74.325927734375
-68.80694580078125
-41.5986328125
-41.5986328125
-21.564727783203125
-21.564727783203125
-21.232635498046875
-19.783477783203125
-4.36810302734375
-4.36810302734375
-4.277252197265625
-4.277252197265625
-7.892791748046875
-14.905853271484375
-14.224395751953125
-14.224395751953125
-14.358245849609375
-14.358245849609375
-14.32745361328125
-19.673736572265625
-70.09487915039062
-70.09487915039062
-7.519287109375
-7.519287109375
-6.428375244140625
-5.36810302734375
-7.492218017578125
-7.492218017578125
-41.9727783203125
