-0.038818359375
-0.038818359375
0.0
-0.2535400390625
-0.005645751953125
-0.005645751953125
0.26324462890625
0.26324462890625
-0.129180908203125
0.01275634765625
-0.2442626953125
-0.2442626953125
9.7464599609375
108.2464599609375
108.2464599609375
127.87716674804688
130.01983642578125
130.01983642578125
132.18545532226562
132.18545532226562
131.84185791015625
132.2313232421875
131.7391357421875
131.7391357421875
132.34356689453125
132.34356689453125
131.87716674804688
132.66421508789062
132.66421508789062
131.75714111328125
131.9444580078125
131.9444580078125
132.49172973632812
131.75714111328125
131.75714111328125
132.409912109375
132.1839599609375
132.1839599609375
132.75308227539062
132.18569946289062
132.18569946289062
132.2313232421875
132.20346069335938
132.42214965820312
132.42214965820312
131.81790161132812
131.81790161132812
132.68417358398438
132.09567260742188
132.09567260742188
132.45919799804688
132.17864990234375
132.09567260742188
132.09567260742188
131.9444580078125
131.9444580078125
132.397705078125
132.09567260742188
132.09567260742188
132.0908203125
132.38037109375
132.38037109375
132.0908203125
131.81790161132812
131.81790161132812
132.03811645507812
133.19802856445312
133.19802856445312
132.6876220703125
132.36026000976562
132.36026000976562
133.13848876953125
133.66864013671875
133.62399291992188
133.62399291992188
133.82083129882812
133.82083129882812
134.27761840820312
134.66421508789062
134.66421508789062
134.66421508789062
134.66421508789062
134.4154052734375
134.4154052734375
134.68417358398438
135.0006103515625
135.0006103515625
134.78472900390625
134.78472900390625
134.00961303710938
134.42214965820312
134.09567260742188
134.09567260742188
134.45919799804688
134.45919799804688
134.61532592773438
134.42214965820312
134.70773315429688
134.70773315429688
134.397705078125
134.397705078125
134.77481079101562
134.3792724609375
133.75375366210938
133.75375366210938
134.09567260742188
134.09567260742188
134.45919799804688
134.96923828125
134.397705078125
134.397705078125
133.9444580078125
134.63107299804688
134.63107299804688
134.419921875
134.63107299804688
134.63107299804688
134.60873413085938
134.60873413085938
134.5126953125
134.397705078125
134.58367919921875
134.58367919921875
134.0908203125
134.0908203125
134.27359008789062
134.3792724609375
134.03790283203125
134.03790283203125
134.61532592773438
134.61532592773438
134.397705078125
134.397705078125
134.61148071289062
134.61148071289062
134.27761840820312
134.27761840820312
134.60873413085938
134.60873413085938
134.60873413085938
134.60873413085938
134.54428100585938
134.66421508789062
134.66421508789062
134.51510620117188
134.51510620117188
134.58367919921875
135.0006103515625
135.0006103515625
135.0640869140625
134.61532592773438
134.61532592773438
134.07003784179688
134.66421508789062
134.66421508789062
134.81289672851562
134.42214965820312
134.42214965820312
134.78472900390625
134.54043579101562
134.54043579101562
135.397705078125
135.9700927734375
135.9700927734375
136.3914794921875
135.89031982421875
135.89031982421875
135.68417358398438
135.96923828125
135.96923828125
135.44073486328125
135.39804077148438
134.97714233398438
134.97714233398438
135.78472900390625
135.78472900390625
135.85171508789062
135.58367919921875
135.58367919921875
135.599853515625
135.90460205078125
135.90460205078125
135.49893188476562
135.89031982421875
135.89031982421875
136.08758544921875
135.50033569335938
135.50033569335938
135.57119750976562
135.2464599609375
135.2464599609375
135.75714111328125
136.29354858398438
136.29354858398438
135.47250366210938
135.85842895507812
135.85842895507812
135.32980346679688
135.70947265625
135.70947265625
135.85171508789062
135.92523193359375
135.89419555664062
135.89419555664062
135.92523193359375
135.92523193359375
135.49893188476562
136.236328125
136.236328125
136.07839965820312
135.57012939453125
135.57012939453125
135.91311645507812
135.90216064453125
135.90216064453125
135.57119750976562
135.77374267578125
135.77374267578125
135.85198974609375
135.87716674804688
135.75714111328125
135.75714111328125
136.149169921875
136.149169921875
136.61532592773438
136.65997314453125
137.30120849609375
137.30120849609375
137.17041015625
137.17041015625
137.58367919921875
137.21243286132812
137.4351806640625
137.4351806640625
137.54428100585938
137.54428100585938
137.03323364257812
137.26235961914062
137.26235961914062
137.57546997070312
137.66421508789062
137.66421508789062
136.99783325195312
137.3792724609375
137.3792724609375
137.57546997070312
137.9444580078125
137.9444580078125
138.66421508789062
137.58804321289062
138.27633666992188
138.27633666992188
138.236328125
138.236328125
137.87716674804688
138.45660400390625
137.87716674804688
137.87716674804688
138.22714233398438
138.22714233398438
138.37216186523438
137.677490234375
137.78472900390625
137.78472900390625
137.41311645507812
137.41311645507812
138.60440063476562
137.98245239257812
137.98245239257812
138.397705078125
138.23287963867188
138.23287963867188
138.21243286132812
138.39804077148438
138.39804077148438
138.438720703125
139.49337768554688
139.49337768554688
138.4351806640625
138.24569702148438
138.24569702148438
137.99398803710938
138.18142700195312
138.18142700195312
138.54428100585938
138.71810913085938
138.71810913085938
138.38693237304688
138.82339477539062
138.82339477539062
139.236328125
139.236328125
139.236328125
138.92559814453125
139.236328125
139.236328125
138.95480346679688
139.236328125
139.236328125
139.438720703125
138.93609619140625
138.93609619140625
138.81564331054688
138.63186645507812
138.63186645507812
139.06546020507812
139.00927734375
139.00927734375
138.70947265625
139.13739013671875
139.13739013671875
138.9599609375
139.58367919921875
139.58367919921875
139.32684326171875
139.04190063476562
139.04190063476562
139.51510620117188
139.12570190429688
139.12570190429688
138.8670654296875
139.56997680664062
139.56997680664062
139.07003784179688
139.60873413085938
139.60873413085938
139.06997680664062
139.12307739257812
139.12307739257812
139.04190063476562
139.04190063476562
139.438720703125
139.51980590820312
139.438720703125
139.438720703125
139.18804931640625
139.18804931640625
139.45919799804688
139.4351806640625
138.77374267578125
138.77374267578125
139.75393676757812
139.54428100585938
139.54428100585938
139.397705078125
139.87744140625
139.87744140625
139.66421508789062
139.66421508789062
139.217041015625
139.12570190429688
138.85198974609375
138.85198974609375
139.217041015625
139.217041015625
139.66421508789062
139.12570190429688
139.760009765625
139.760009765625
138.76174926757812
138.76174926757812
139.12307739257812
139.08758544921875
139.6834716796875
139.6834716796875
138.9599609375
138.9599609375
139.66421508789062
139.438720703125
139.0150146484375
139.0150146484375
139.32684326171875
139.12570190429688
139.12570190429688
138.93350219726562
138.79849243164062
138.79849243164062
139.38693237304688
139.38693237304688
139.58367919921875
138.8714599609375
139.30120849609375
139.30120849609375
138.9599609375
138.9599609375
139.17019653320312
139.54428100585938
139.60873413085938
139.60873413085938
139.397705078125
139.397705078125
138.85955810546875
139.58432006835938
139.79644775390625
139.79644775390625
138.87716674804688
138.87716674804688
139.54428100585938
139.17828369140625
139.60873413085938
139.60873413085938
140.0574951171875
138.60391235351562
138.60391235351562
138.89419555664062
139.4351806640625
139.4351806640625
139.2313232421875
139.2313232421875
139.32684326171875
139.66421508789062
138.84991455078125
138.84991455078125
139.236328125
139.236328125
139.05078125
139.3802490234375
138.788818359375
138.788818359375
139.60873413085938
139.60873413085938
139.54043579101562
139.45919799804688
139.51510620117188
139.51510620117188
139.60873413085938
139.60873413085938
139.12570190429688
139.60873413085938
139.82870483398438
139.82870483398438
138.68630981445312
139.38693237304688
139.38693237304688
138.77374267578125
139.12307739257812
139.12307739257812
138.70773315429688
138.70773315429688
139.12570190429688
139.60873413085938
139.2464599609375
139.2464599609375
139.60873413085938
139.60873413085938
140.0574951171875
139.82870483398438
139.2313232421875
139.2313232421875
139.58367919921875
139.58367919921875
138.89422607421875
139.32684326171875
139.32684326171875
138.76284790039062
139.236328125
139.236328125
138.87493896484375
139.60873413085938
139.60873413085938
139.3372802734375
139.12570190429688
138.96923828125
138.96923828125
139.4351806640625
139.4351806640625
139.66421508789062
139.58367919921875
139.58367919921875
140.53729248046875
140.53729248046875
140.53729248046875
140.38693237304688
140.19137573242188
140.19137573242188
140.38037109375
140.5682373046875
140.5682373046875
140.54254150390625
140.91366577148438
140.37530517578125
140.37530517578125
140.7777099609375
140.7777099609375
140.37530517578125
140.4346923828125
140.4346923828125
140.5682373046875
140.32855224609375
140.32855224609375
140.57504272460938
140.53729248046875
140.93609619140625
140.93609619140625
140.50033569335938
140.50033569335938
140.54595947265625
140.4969482421875
140.23822021484375
140.23822021484375
140.41650390625
