0.0
0.274383544921875
0.1812744140625
0.1812744140625
0.218597412109375
-0.093902587890625
-0.093902587890625
0.31011962890625
0.31011962890625
0.171142578125
-0.0655517578125
-0.053375244140625
-0.053375244140625
11.1268310546875
11.1268310546875
84.888671875
89.2191162109375
90.34982299804688
90.34982299804688
90.93930053710938
90.93930053710938
90.44699096679688
90.61062622070312
91.30780029296875
91.30780029296875
91.37078857421875
91.37078857421875
91.64004516601562
91.64004516601562
91.91561889648438
91.91561889648438
91.77740478515625
92.18621826171875
92.18621826171875
91.772705078125
91.91091918945312
91.91091918945312
91.96356201171875
91.96356201171875
91.58328247070312
91.42050170898438
91.46090698242188
91.46090698242188
91.4898681640625
91.4898681640625
92.34817504882812
92.30398559570312
91.88470458984375
91.88470458984375
91.42050170898438
91.42050170898438
91.959228515625
91.3741455078125
91.96356201171875
91.96356201171875
91.96859741210938
91.96859741210938
92.24838256835938
92.24285888671875
91.91091918945312
91.91091918945312
92.19210815429688
91.88470458984375
91.88470458984375
92.06918334960938
92.20355224609375
92.20355224609375
92.50567626953125
92.50567626953125
92.05746459960938
91.68255615234375
92.08770751953125
92.08770751953125
91.92477416992188
91.92477416992188
92.20355224609375
91.9951171875
92.39813232421875
92.39813232421875
91.42050170898438
91.42050170898438
91.48629760742188
92.68771362304688
91.80853271484375
91.80853271484375
92.39813232421875
92.39813232421875
92.39813232421875
92.093994140625
92.62750244140625
92.62750244140625
92.24838256835938
92.64004516601562
92.64004516601562
92.36868286132812
92.45394897460938
92.45394897460938
92.283935546875
92.283935546875
92.14947509765625
92.1453857421875
92.01708984375
92.01708984375
92.45004272460938
92.45004272460938
92.76791381835938
92.7635498046875
92.20382690429688
92.20382690429688
92.19720458984375
92.19720458984375
92.32781982421875
92.5703125
91.9951171875
91.9951171875
92.32781982421875
92.32781982421875
92.05355834960938
92.59622192382812
92.40618896484375
92.40618896484375
92.77606201171875
92.7926025390625
92.7926025390625
92.40829467773438
92.40829467773438
92.3909912109375
92.35992431640625
92.35992431640625
92.19720458984375
92.40618896484375
92.40618896484375
92.90576171875
92.40618896484375
92.40618896484375
92.19720458984375
92.19720458984375
92.19720458984375
92.2501220703125
92.19720458984375
92.19720458984375
92.39364624023438
92.4898681640625
92.4898681640625
92.19720458984375
92.685791015625
92.685791015625
92.19720458984375
92.3909912109375
92.3909912109375
92.77606201171875
92.40618896484375
92.20382690429688
92.20382690429688
92.20382690429688
92.20382690429688
92.19720458984375
92.26107788085938
92.26107788085938
92.19720458984375
92.772705078125
92.772705078125
92.20382690429688
91.97927856445312
91.97927856445312
92.33059692382812
92.64077758789062
92.64077758789062
92.3912353515625
92.94375610351562
92.94375610351562
92.53668212890625
92.6453857421875
92.6453857421875
92.19720458984375
92.20382690429688
92.20382690429688
92.40618896484375
92.58084106445312
92.58084106445312
92.59515380859375
92.66119384765625
92.91091918945312
92.91091918945312
92.03500366210938
92.03500366210938
93.01669311523438
92.60745239257812
92.60745239257812
91.93930053710938
92.77606201171875
92.77606201171875
92.7635498046875
92.40618896484375
92.40618896484375
92.19720458984375
92.55374145507812
92.55374145507812
92.19720458984375
92.3909912109375
92.40618896484375
92.40618896484375
92.19720458984375
92.19720458984375
92.3909912109375
92.98483276367188
92.40618896484375
92.40618896484375
92.32781982421875
92.32781982421875
91.56881713867188
92.50448608398438
91.76101684570312
91.76101684570312
92.40618896484375
92.40618896484375
92.07180786132812
92.25665283203125
92.25665283203125
92.32781982421875
92.19720458984375
92.19720458984375
91.99276733398438
92.1197509765625
92.1197509765625
92.20382690429688
91.88470458984375
91.88470458984375
92.685791015625
92.25665283203125
91.89822387695312
91.89822387695312
92.55374145507812
92.55374145507812
92.685791015625
92.55374145507812
92.55706787109375
92.55706787109375
92.38394165039062
92.38394165039062
92.58328247070312
91.89822387695312
91.90432739257812
91.90432739257812
92.4195556640625
92.4195556640625
92.40618896484375
91.89822387695312
91.89822387695312
93.02621459960938
92.03500366210938
92.03500366210938
92.55374145507812
92.25665283203125
92.25665283203125
92.25665283203125
92.56182861328125
92.56182861328125
92.39996337890625
91.88470458984375
91.88470458984375
92.0867919921875
92.46090698242188
92.46090698242188
92.59622192382812
92.55374145507812
92.55374145507812
92.40618896484375
92.77606201171875
92.77606201171875
92.40618896484375
92.25665283203125
92.25665283203125
92.75885009765625
92.07180786132812
92.07180786132812
91.56881713867188
92.7635498046875
92.7635498046875
92.33059692382812
92.56387329101562
92.56387329101562
92.55374145507812
92.74200439453125
92.74200439453125
91.89822387695312
91.75753784179688
91.75753784179688
92.46090698242188
93.07894897460938
93.07894897460938
92.55178833007812
92.31695556640625
92.31695556640625
92.77606201171875
92.66119384765625
92.66119384765625
92.07180786132812
92.46090698242188
92.46090698242188
92.4195556640625
92.40618896484375
92.40618896484375
92.91091918945312
92.40618896484375
92.40618896484375
92.8013916015625
91.88470458984375
91.88470458984375
92.9493408203125
92.9493408203125
92.25665283203125
92.26107788085938
92.46090698242188
92.46090698242188
92.44760131835938
92.44760131835938
92.9493408203125
92.4195556640625
92.40618896484375
92.40618896484375
92.1668701171875
92.1668701171875
92.68255615234375
92.53131103515625
92.32159423828125
92.32159423828125
92.26107788085938
92.26107788085938
92.0867919921875
92.07180786132812
92.46090698242188
92.46090698242188
92.19720458984375
92.19720458984375
91.82040405273438
92.68255615234375
91.88470458984375
91.88470458984375
92.5703125
92.5703125
92.25665283203125
92.9493408203125
92.33059692382812
92.33059692382812
92.44488525390625
92.44488525390625
91.82040405273438
92.4195556640625
92.59622192382812
92.59622192382812
92.25665283203125
92.55374145507812
92.55374145507812
92.40618896484375
92.9493408203125
92.9493408203125
92.55374145507812
92.55374145507812
91.82720947265625
92.40618896484375
92.26107788085938
92.26107788085938
93.054931640625
93.054931640625
91.56881713867188
92.33059692382812
92.9493408203125
92.9493408203125
92.46090698242188
92.46090698242188
91.58810424804688
92.30398559570312
92.64776611328125
92.64776611328125
92.19720458984375
92.19720458984375
91.89822387695312
92.76828002929688
92.46090698242188
92.46090698242188
92.20382690429688
92.77606201171875
92.77606201171875
91.89822387695312
92.77606201171875
92.77606201171875
91.89822387695312
91.89822387695312
92.40618896484375
91.88470458984375
92.55706787109375
92.55706787109375
92.32159423828125
92.32159423828125
92.38394165039062
92.55178833007812
92.32159423828125
92.32159423828125
92.55374145507812
92.55374145507812
92.55374145507812
92.12689208984375
92.53707885742188
92.53707885742188
92.58856201171875
92.58856201171875
92.41009521484375
92.83499145507812
92.46090698242188
92.46090698242188
92.58328247070312
92.77606201171875
92.77606201171875
92.26107788085938
92.55706787109375
92.55706787109375
91.6356201171875
91.6356201171875
92.41717529296875
92.19720458984375
92.7926025390625
92.7926025390625
92.3909912109375
92.3909912109375
92.4195556640625
92.33111572265625
92.9493408203125
92.9493408203125
92.26107788085938
92.26107788085938
92.00460815429688
92.00460815429688
92.00460815429688
92.55374145507812
92.95541381835938
92.95541381835938
92.77606201171875
91.56881713867188
91.56881713867188
92.63021850585938
92.77606201171875
92.46090698242188
92.46090698242188
92.25665283203125
92.25665283203125
91.88470458984375
92.950439453125
92.950439453125
92.41717529296875
92.68255615234375
92.68255615234375
92.44760131835938
92.59515380859375
92.59515380859375
92.40618896484375
92.33059692382812
92.33059692382812
92.50640869140625
92.44271850585938
92.44271850585938
92.46090698242188
92.71356201171875
92.71356201171875
92.31411743164062
92.59515380859375
92.59515380859375
92.3741455078125
92.2806396484375
92.2806396484375
92.32159423828125
92.44754028320312
92.4195556640625
92.4195556640625
92.32781982421875
92.32781982421875
92.7667236328125
92.19720458984375
92.19720458984375
92.67709350585938
92.07843017578125
92.07843017578125
92.48764038085938
92.53131103515625
92.53131103515625
92.59622192382812
92.77606201171875
92.77606201171875
92.77606201171875
92.1197509765625
92.1197509765625
92.4195556640625
92.01708984375
92.01708984375
91.76101684570312
92.46090698242188
92.61062622070312
92.61062622070312
92.55374145507812
92.55374145507812
92.9493408203125
