-0.0910797119140625
-0.0910797119140625
-3.1280059814453125
-3.1280059814453125
-7.302764892578125
-49.88633728027344
-49.88633728027344
-38.682952880859375
-40.58770751953125
-40.58770751953125
-52.39154052734375
-27.520355224609375
-27.520355224609375
-25.25677490234375
-27.12091064453125
-27.12091064453125
-30.56512451171875
-41.45274353027344
-41.45274353027344
-66.93559265136719
-74.18295288085938
-74.18295288085938
-60.57252502441406
-61.00227355957031
-61.00227355957031
-59.183837890625
-53.682952880859375
-46.62127685546875
-46.62127685546875
-34.154388427734375
-34.154388427734375
-17.732345581054688
-24.182952880859375
-24.182952880859375
-43.57252502441406
-43.141357421875
-43.141357421875
8.817047119140625
3.817047119140625
3.817047119140625
-46.182952880859375
-45.141357421875
-45.141357421875
-44.60768127441406
-48.10990905761719
-48.10990905761719
-50.682952880859375
-6.182952880859375
-6.182952880859375
-5.141357421875
-16.182952880859375
-16.182952880859375
-33.142059326171875
-87.07130432128906
-87.07130432128906
-44.682952880859375
-15.182952880859375
-6.4080352783203125
-6.4080352783203125
-42.682952880859375
-42.682952880859375
-20.182952880859375
-14.061004638671875
-14.061004638671875
-13.272537231445312
-14.272537231445312
-14.272537231445312
-18.12091064453125
-35.182952880859375
-35.182952880859375
-67.37739562988281
-87.52070617675781
-87.52070617675781
-66.68295288085938
-45.682952880859375
-22.182952880859375
-22.182952880859375
-13.2513427734375
-13.2513427734375
46.817047119140625
39.817047119140625
13.26531982421875
13.26531982421875
-1.1142120361328125
-1.1142120361328125
-64.18295288085938
-57.682952880859375
-27.182952880859375
-27.182952880859375
51.317047119140625
51.317047119140625
26.817047119140625
-23.182952880859375
-23.182952880859375
-46.682952880859375
-36.621978759765625
-36.621978759765625
-46.51005554199219
-52.52162170410156
-52.52162170410156
-53.372833251953125
-53.696075439453125
-53.696075439453125
12.817047119140625
9.317047119140625
-11.629074096679688
-11.629074096679688
-37.293304443359375
-37.293304443359375
-9.682952880859375
-5.682952880859375
-29.417282104492188
-29.417282104492188
-30.964813232421875
-30.964813232421875
-30.888946533203125
-2.044403076171875
24.317047119140625
24.317047119140625
-105.68295288085938
-105.68295288085938
-64.18295288085938
-26.682952880859375
-26.682952880859375
-9.682952880859375
-55.96961975097656
-55.96961975097656
-54.975738525390625
-28.682952880859375
-28.682952880859375
-11.182952880859375
-76.18295288085938
-76.18295288085938
-53.182952880859375
-36.682952880859375
-36.682952880859375
-28.947662353515625
-39.8538818359375
-39.8538818359375
-16.552215576171875
-24.682952880859375
-24.682952880859375
-30.682952880859375
-14.815032958984375
-14.815032958984375
-14.964813232421875
-14.964813232421875
-14.964813232421875
-14.964813232421875
-15.125885009765625
-15.125885009765625
-30.5986328125
1.317047119140625
1.317047119140625
20.317047119140625
-19.072006225585938
-19.072006225585938
-52.682952880859375
-25.182952880859375
-25.182952880859375
-8.044265747070312
-21.480514526367188
-21.480514526367188
-62.182952880859375
-63.670135498046875
-63.670135498046875
-65.53132629394531
-50.696075439453125
-50.696075439453125
26.817047119140625
9.317047119140625
9.317047119140625
-18.832443237304688
-19.154388427734375
-19.154388427734375
-103.18295288085938
-98.68295288085938
-98.68295288085938
-97.18295288085938
-50.682952880859375
-50.682952880859375
-36.94194030761719
-38.70469665527344
-38.70469665527344
-44.03192138671875
-44.03192138671875
-68.06553649902344
-81.46943664550781
-83.45321655273438
-83.45321655273438
-73.18295288085938
-73.18295288085938
2.317047119140625
-34.182952880859375
-51.182952880859375
-51.182952880859375
-69.37283325195312
-69.45321655273438
-69.45321655273438
-69.16908264160156
-51.182952880859375
-51.182952880859375
-28.182952880859375
-28.182952880859375
-5.1004180908203125
-20.8115234375
-34.182952880859375
-34.182952880859375
-40.83244323730469
-40.83244323730469
-54.949310302734375
-49.269500732421875
-63.182952880859375
-63.182952880859375
-72.08662414550781
-72.08662414550781
3.817047119140625
-73.18295288085938
-35.182952880859375
-35.182952880859375
1.817047119140625
1.817047119140625
-49.752655029296875
-37.77119445800781
-39.56512451171875
-39.56512451171875
-32.682952880859375
-15.452972412109375
-15.452972412109375
-52.182952880859375
-24.182952880859375
-24.182952880859375
-5.54510498046875
-5.54510498046875
-7.54510498046875
-23.480514526367188
-8.682952880859375
-8.682952880859375
-10.726730346679688
-10.726730346679688
-34.45487976074219
-4.752655029296875
-27.182952880859375
-27.182952880859375
-33.337066650390625
-33.337066650390625
-4.908172607421875
-52.182952880859375
-69.18295288085938
-69.18295288085938
-65.68295288085938
-65.68295288085938
3.817047119140625
-36.182952880859375
-39.82496643066406
-39.82496643066406
-30.182952880859375
-13.258514404296875
-13.258514404296875
-10.207809448242188
-32.182952880859375
-32.182952880859375
-35.735504150390625
-35.735504150390625
-25.918243408203125
-49.682952880859375
-35.182952880859375
-35.182952880859375
-27.279525756835938
-27.279525756835938
-28.815032958984375
-24.12554931640625
-24.395523071289062
-24.395523071289062
-20.682952880859375
-20.682952880859375
-15.12091064453125
-56.182952880859375
-5.682952880859375
-5.682952880859375
11.129547119140625
11.129547119140625
3.83038330078125
-19.487472534179688
1.317047119140625
1.317047119140625
-8.682952880859375
-60.182952880859375
-60.182952880859375
-27.182952880859375
-44.682952880859375
-44.682952880859375
-41.182952880859375
-41.182952880859375
-13.08770751953125
-11.949310302734375
-25.682952880859375
-25.682952880859375
-34.682952880859375
-34.682952880859375
-42.302764892578125
-52.125885009765625
-53.317535400390625
-53.317535400390625
-42.182952880859375
-42.182952880859375
-17.182952880859375
38.360260009765625
38.360260009765625
-63.57637023925781
-78.11152648925781
-78.11152648925781
-98.68295288085938
-50.682952880859375
-50.682952880859375
-29.682952880859375
-28.5440673828125
-31.3504638671875
-31.3504638671875
-32.39335632324219
-32.39335632324219
-32.4031982421875
-25.182952880859375
-25.182952880859375
-10.682952880859375
7.1741943359375
7.1741943359375
-96.18295288085938
-91.18295288085938
-91.18295288085938
-48.30278015136719
-28.182952880859375
-28.182952880859375
-57.682952880859375
-53.682952880859375
-53.682952880859375
-19.268203735351562
-33.34051513671875
-33.34051513671875
-51.682952880859375
-58.13368225097656
-58.13368225097656
-59.101409912109375
-69.81503295898438
-69.81503295898438
-63.77996826171875
-61.871917724609375
-61.682952880859375
-61.682952880859375
-61.750518798828125
-61.750518798828125
-61.682952880859375
-44.182952880859375
-44.182952880859375
-18.182952880859375
-22.7200927734375
-22.7200927734375
-137.68295288085938
-153.7977523803711
-153.7977523803711
-19.182952880859375
-9.682952880859375
-9.682952880859375
-62.182952880859375
-84.63533020019531
-84.63533020019531
-83.740478515625
-56.10990905761719
-56.10990905761719
-55.125885009765625
-22.359161376953125
20.317047119140625
20.317047119140625
-33.182952880859375
-33.182952880859375
-46.682952880859375
-49.682952880859375
-42.26036071777344
-42.26036071777344
-101.18295288085938
-101.18295288085938
-77.68295288085938
-54.682952880859375
-54.682952880859375
-99.06649780273438
-71.68295288085938
-71.68295288085938
-49.76679992675781
-47.524200439453125
-47.524200439453125
-45.6015625
-41.007781982421875
-41.007781982421875
-23.543289184570312
-17.12554931640625
-21.182952880859375
-21.182952880859375
-89.18295288085938
-89.18295288085938
-67.68295288085938
-24.0460205078125
-22.682952880859375
-22.682952880859375
-25.372833251953125
-25.372833251953125
-11.182952880859375
-17.682952880859375
-53.182952880859375
-53.182952880859375
-55.65077209472656
-55.65077209472656
-49.52162170410156
-42.682952880859375
-38.27253723144531
-38.27253723144531
-38.39335632324219
-38.39335632324219
-38.48051452636719
-36.14204406738281
-25.236343383789062
-25.236343383789062
-9.4031982421875
-9.4031982421875
-20.985626220703125
-45.978912353515625
-88.18295288085938
-88.18295288085938
-41.682952880859375
-41.682952880859375
-34.65739440917969
-41.46943664550781
-41.46943664550781
-43.39335632324219
-20.682952880859375
-20.682952880859375
-23.211257934570312
-23.101409912109375
-23.101409912109375
-26.996780395507812
-71.68295288085938
-71.68295288085938
-17.182952880859375
-22.682952880859375
-22.682952880859375
-39.24497985839844
-82.68295288085938
-82.68295288085938
-66.55221557617188
-64.31753540039062
-64.31753540039062
-60.182952880859375
-51.888946533203125
-51.888946533203125
-56.101409912109375
-35.682952880859375
-35.682952880859375
-17.815032958984375
-18.269500732421875
-18.269500732421875
-21.467361450195312
-23.002273559570312
-23.002273559570312
-17.682952880859375
-6.10400390625
-6.10400390625
-96.18295288085938
-86.77119445800781
-86.77119445800781
-74.7303466796875
-78.91191101074219
-78.91191101074219
-74.18063354492188
-56.682952880859375
-56.682952880859375
-35.182952880859375
-18.420761108398438
-18.420761108398438
-33.258514404296875
-16.182952880859375
-16.182952880859375
-8.0311279296875
-14.279525756835938
-14.279525756835938
-32.4031982421875
-32.562744140625
-32.562744140625
-32.964813232421875
-33.141357421875
-33.141357421875
-33.141357421875
-56.682952880859375
-56.682952880859375
-80.68295288085938
-8.682952880859375
-15.682952880859375
-15.682952880859375
-25.241775512695312
-25.241775512695312
-25.317535400390625
-63.682952880859375
-70.60240173339844
