360.2189636230469
360.2570495605469
359.6875
360.1470642089844
360.1470642089844
357.0
357.0
333.5513916015625
335.295166015625
331.137939453125
331.137939453125
330.63861083984375
330.63861083984375
335.7801208496094
335.7903137207031
335.61041259765625
335.61041259765625
334.7801208496094
332.6666564941406
332.6666564941406
308.0
305.87255859375
305.87255859375
306.4403381347656
306.4403381347656
306.90130615234375
306.7475280761719
309.6663513183594
309.6663513183594
313.7065124511719
313.7065124511719
322.929443359375
341.4259338378906
340.23828125
340.23828125
337.1711730957031
337.1711730957031
338.0631103515625
387.794189453125
375.0525207519531
375.0525207519531
329.7173767089844
329.7173767089844
329.5294189453125
330.387451171875
328.33673095703125
328.33673095703125
330.5
357.01806640625
357.01806640625
356.7635803222656
353.23828125
353.23828125
341.5
341.5
290.96038818359375
328.27496337890625
347.67352294921875
347.67352294921875
353.4576416015625
353.4576416015625
339.01806640625
345.2345275878906
346.5797424316406
346.5797424316406
346.4166564941406
346.4166564941406
346.0159912109375
345.7801208496094
335.15234375
335.15234375
314.2208251953125
314.2208251953125
304.23828125
307.25225830078125
322.95745849609375
322.95745849609375
336.8489990234375
343.09259033203125
343.09259033203125
424.5625
424.5625
417.2727355957031
395.241943359375
395.241943359375
385.0
326.5
316.0
316.0
379.13848876953125
379.13848876953125
415.5
378.5
378.5
352.7071838378906
343.9053955078125
343.9053955078125
342.868408203125
332.63043212890625
332.63043212890625
332.7088317871094
331.31011962890625
331.31011962890625
331.50335693359375
396.36468505859375
396.36468505859375
385.25030517578125
370.0
356.5513916015625
356.5513916015625
379.0
368.5359802246094
368.5359802246094
350.50335693359375
350.50335693359375
349.7903137207031
349.9285583496094
382.42425537109375
382.42425537109375
393.5
393.5
270.0
302.4259338378906
302.4259338378906
353.0
352.4706726074219
352.4706726074219
326.8219909667969
326.9053955078125
326.9053955078125
349.9971008300781
355.021728515625
355.021728515625
299.9217834472656
308.9053955078125
308.9053955078125
326.08941650390625
330.6502990722656
330.8603210449219
330.8603210449219
343.2372741699219
343.2372741699219
342.77288818359375
343.295166015625
343.295166015625
344.64752197265625
344.6829528808594
344.2966003417969
344.2966003417969
344.5586242675781
344.5586242675781
344.5986633300781
343.51611328125
343.51611328125
384.5429382324219
389.52923583984375
360.5
360.5
332.46075439453125
332.46075439453125
350.004638671875
357.3723449707031
354.0
354.0
318.8218078613281
318.8218078613281
313.9666748046875
315.1785583496094
331.6195068359375
331.6195068359375
406.6089172363281
406.6089172363281
386.5
365.6023254394531
365.6023254394531
361.7554626464844
281.0
267.6666564941406
267.6666564941406
282.8722839355469
282.8722839355469
305.93182373046875
318.5
318.5
319.0888366699219
315.9053955078125
309.1632385253906
309.1632385253906
299.6666564941406
299.6666564941406
299.0462646484375
325.9460144042969
367.5
367.5
342.704833984375
342.704833984375
320.1861572265625
315.0462646484375
314.387451171875
314.387451171875
311.929443359375
311.929443359375
319.0841369628906
343.5
343.5
355.8732604980469
354.7592468261719
343.2701721191406
343.2701721191406
336.6280517578125
336.6280517578125
330.07977294921875
330.4895324707031
330.4895324707031
306.5
333.76666259765625
333.76666259765625
368.0542907714844
296.53802490234375
296.53802490234375
377.5
376.0
376.0
329.03125
332.38128662109375
332.38128662109375
331.7704772949219
335.377685546875
335.377685546875
345.33209228515625
327.96038818359375
327.96038818359375
353.0
355.7903137207031
355.7903137207031
356.387451171875
355.38128662109375
356.8040466308594
356.8040466308594
356.3723449707031
356.3723449707031
349.0841369628906
357.1711730957031
357.1711730957031
348.5
344.81103515625
344.81103515625
355.4444580078125
328.5162353515625
328.5162353515625
313.0
344.9615478515625
344.9615478515625
369.5
339.8553161621094
339.8553161621094
338.9787292480469
343.51068115234375
343.51068115234375
347.7118835449219
347.87255859375
347.87255859375
341.55303955078125
341.3990173339844
341.3990173339844
342.23828125
327.0954895019531
333.7525634765625
333.7525634765625
335.1390380859375
335.1390380859375
335.1785583496094
335.1785583496094
335.45123291015625
335.625
341.4090881347656
341.4090881347656
341.76922607421875
329.33209228515625
329.33209228515625
376.5
378.2701721191406
378.2701721191406
377.0749816894531
377.0749816894531
366.6829528808594
370.0462646484375
366.5
366.5
317.05023193359375
317.05023193359375
332.6246337890625
326.8585510253906
333.0714416503906
333.0714416503906
344.68890380859375
344.68890380859375
344.8352355957031
343.498779296875
339.5024719238281
339.5024719238281
335.614501953125
335.614501953125
329.2570495605469
329.14166259765625
333.48486328125
333.48486328125
360.5
402.18560791015625
402.18560791015625
366.0
287.9541320800781
287.9541320800781
283.33795166015625
283.33795166015625
305.0804748535156
329.0
331.38128662109375
331.38128662109375
330.9879455566406
330.9879455566406
330.8366394042969
330.8366394042969
337.0
337.0
352.0
352.0
366.4291687011719
330.0
298.0856018066406
298.0856018066406
316.2610168457031
316.2610168457031
329.7592468261719
315.5368957519531
333.8678894042969
333.8678894042969
343.86322021484375
341.4444580078125
341.4444580078125
329.23828125
327.8366394042969
327.8366394042969
324.81109619140625
324.81109619140625
316.15789794921875
315.0068359375
314.8739929199219
314.8739929199219
314.6956481933594
314.6956481933594
315.0088195800781
315.0088195800781
334.5577392578125
334.5577392578125
344.0841369628906
344.0841369628906
342.4444580078125
284.5
323.5
323.5
344.1924743652344
344.1924743652344
344.95947265625
308.7405090332031
298.5294189453125
298.5294189453125
301.5686950683594
306.18206787109375
306.18206787109375
305.92529296875
382.5
382.5
389.5
389.5
348.80206298828125
341.50335693359375
342.3316955566406
342.3316955566406
339.4166564941406
339.4166564941406
275.55889892578125
317.5
305.5
305.5
279.70111083984375
279.70111083984375
293.72857666015625
304.92529296875
304.92529296875
305.2152404785156
310.1313781738281
320.2372741699219
320.2372741699219
341.25
341.25
342.3888854980469
338.1034240722656
288.1492004394531
340.5932922363281
340.5932922363281
341.868408203125
342.93084716796875
342.93084716796875
342.92529296875
353.7613525390625
366.2701721191406
366.2701721191406
339.1382751464844
339.1382751464844
329.3888854980469
329.5
329.5
329.86322021484375
331.5378112792969
331.5378112792969
332.6829528808594
332.77777099609375
332.77777099609375
333.12835693359375
336.48486328125
336.48486328125
352.0
354.07977294921875
354.07977294921875
352.0
299.0
323.1075439453125
323.1075439453125
331.868408203125
331.868408203125
332.23828125
330.9908752441406
330.9908752441406
340.25897216796875
345.41107177734375
344.7088317871094
344.7088317871094
343.9908752441406
343.9908752441406
330.2335205078125
329.7270202636719
329.7270202636719
354.4444580078125
347.868408203125
347.868408203125
320.0
303.7903137207031
303.7903137207031
305.6462707519531
305.9943542480469
308.43365478515625
308.43365478515625
308.43365478515625
308.1654052734375
308.1654052734375
343.0
342.7574157714844
342.7574157714844
342.9693908691406
342.9693908691406
343.2345275878906
343.2976989746094
343.2976989746094
353.0631103515625
350.10101318359375
274.2832336425781
274.2832336425781
286.5513916015625
287.23828125
287.23828125
286.5986633300781
286.5986633300781
287.3148193359375
314.0
332.11309814453125
332.11309814453125
341.9753112792969
341.9753112792969
341.35015869140625
351.5
355.95123291015625
355.95123291015625
355.31011962890625
355.31011962890625
348.23828125
347.7088317871094
347.77288818359375
347.77288818359375
347.77288818359375
347.77288818359375
347.1711730957031
312.0
322.2757568359375
322.2757568359375
354.3805847167969
354.2372741699219
354.2372741699219
353.7173767089844
345.0
345.0
