11.2741
75.4729
-27.1143
40.6456
6.2043
-12.2662
-29.0868
4.3581
18.2491
7.9726
16.1631
15.7058
-4.3835
39.6325
-16.3484
-67.1270
-48.9073
57.3100
-13.5881
-30.3552
-26.5179
-23.6007
-15.2707
-15.5424
-6.7618
47.1493
2.3264
40.4471
24.3474
10.6179
-18.5410
-14.5366
-7.4333
-39.8379
67.8677
31.2536
-21.4337
-30.9076
-4.7930
23.8540
-8.5272
-40.7150
-28.8634
-0.8876
36.7651
-1.5649
29.1639
-16.5223
-0.8369
4.4035
-51.8343
-71.8176
12.6386
-4.8465
36.8985
-2.0356
-12.5461
-16.9166
20.6117
15.8622
27.1931
61.9067
19.2841
-54.1226
4.2282
47.4400
-31.5171
-0.7671
-47.3824
11.8709
-15.2398
-49.2283
17.7074
67.3414
20.3702
-5.5377
97.7739
-21.1582
35.1913
24.2136
23.9466
2.4782
-42.8708
21.3783
7.2762
-44.4799
89.0266
50.1100
1.8060
-35.5944
-19.0131
-9.0815
0.3269
-26.4663
-27.4410
-15.4202
-27.7300
37.4950
-28.0746
20.5231
68.8638
-29.2404
16.6039
-18.7898
-6.9328
-42.7346
56.2545
3.7007
-3.3898
0.9686
-4.0441
-32.6370
-3.0274
34.0638
68.1796
2.9132
-75.7743
45.8613
-3.2923
43.5674
31.0562
-3.5563
-25.3975
44.4237
-24.9940
-19.3375
32.1510
12.8862
-49.4583
-5.1071
-3.8234
-3.7359
12.1007
-43.6546
-13.0111
-43.5804
24.5537
38.2218
-5.8015
12.1498
22.2280
15.5558
18.8886
-6.2320
13.5008
-40.0536
15.9105
38.9493
-5.5813
0.3236
61.6216
-6.2764
5.6963
23.8969
-27.5571
8.9208
36.3585
13.4651
6.6048
-51.0855
-35.5636
-64.7222
-31.5589
10.2722
-2.1212
-30.7153
76.4540
-18.6397
2.2193
0.0930
5.5756
27.5685
-71.8356
-48.6610
-53.5088
12.2347
-0.4601
-0.5847
2.0143
35.5386
-11.9237
-51.7290
-33.3676
-36.3587
-42.5376
2.3703
-49.5804
-8.7073
42.8260
-39.6013
-12.2099
-31.6032
-36.3028
44.7812
-21.2799
-39.1651
-36.9493
-24.5321
5.7818
-27.7103
35.0139
-8.5275
9.1100
-39.2964
-16.6267
9.7164
-26.9089
-25.4542
-3.7651
-2.0585
-41.8624
5.7290
40.8244
53.0882
-52.7190
49.1054
51.7053
12.7623
-27.0877
20.1604
4.7480
-38.0225
-12.4251
-13.0291
22.2938
3.4931
-29.3107
36.5787
37.3371
2.9616
18.0758
10.8954
3.0669
-54.8829
36.9575
-32.3747
-8.9660
22.1395
38.7367
-46.0102
-12.9854
-45.6775
39.6088
-7.0956
-21.1331
-68.6134
-41.5772
-17.6036
48.9510
-4.1853
-10.5702
6.6255
-4.9807
4.1510
20.9638
1.8685
20.7000
-4.7189
-18.6491
34.0513
10.3501
-26.1541
-27.6734
60.0877
10.6814
-77.5677
-9.4752
32.9283
11.7425
-20.3674
7.1207
-68.7700
22.5708
31.2303
-20.9706
7.8106
52.9441
-14.6614
22.9472
2.4354
6.3912
83.6980
46.0529
-26.2752
-32.9371
-43.7931
14.9813
52.0981
-20.4496
-12.9184
27.1023
21.9125
29.4446
19.7073
-2.7583
-11.1401
-18.2387
0.5274
-25.3211
1.6855
-18.2243
-32.1344
11.4231
26.6559
73.8119
36.7989
-40.4445
21.9681
-61.1350
-6.7775
-3.2500
6.8021
19.8397
19.5228
-9.0181
22.4091
-2.6794
-17.6831
-5.5713
-59.3225
25.8458
1.7694
40.3754
-3.0309
-78.7879
29.1546
-0.4772
44.9633
13.6198
-36.4782
-32.5686
13.6044
28.1698
-3.4977
-3.8771
-5.7464
-26.7980
34.9309
-15.5246
-26.0013
-36.3317
33.6947
-16.4488
-22.7387
-13.1897
-27.1910
-10.3110
-16.3182
-19.9264
-8.6224
25.8552
-59.0259
1.9899
-43.2532
-114.0057
-8.1215
23.2439
29.7309
26.4643
10.3586
-40.6107
32.7785
-36.1470
-9.4421
-0.6886
-34.5874
-14.7225
-36.3793
66.5805
-33.7188
-4.6692
-16.7881
-14.0012
-11.4634
5.5353
26.9040
-65.6471
4.9674
7.0039
-20.8871
-67.7333
61.5306
-19.8569
24.5384
-4.5214
23.9353
-11.5907
-4.0733
9.8150
11.5750
20.1638
-25.5205
16.1993
-8.5518
-53.8397
-2.7016
27.1821
20.5437
12.9673
17.0505
3.5182
40.0937
41.3831
-18.4169
-22.9849
-14.6364
-14.7180
-46.8061
-5.7451
9.0154
4.1007
49.8191
0.8235
0.7910
8.1103
-24.2222
17.0430
45.4962
30.1085
40.9291
1.0760
-39.4133
-57.4357
14.1713
19.3156
-14.1597
5.7114
-31.8709
-17.8472
42.1365
23.5051
-32.5818
8.1062
-68.5860
9.2991
12.6504
-33.1272
-53.6108
36.1840
47.8579
-4.7748
-17.4546
-41.7308
15.1543
-11.7203
-45.1307
-14.7655
21.9635
-8.1682
6.8851
-26.4443
-14.3281
28.1899
-3.1078
19.9276
21.1760
2.3593
26.3641
13.2752
-31.5250
35.0111
-19.2574
-63.3918
21.0277
-24.3287
49.4497
-46.2733
-61.3930
-24.5933
-20.8122
0.8903
25.7309
29.5907
-29.8675
-5.5093
-23.9126
30.0186
36.8033
14.6413
-48.8445
-6.5144
30.0432
2.7809
-2.7441
3.8621
40.5563
7.3633
-46.8334
-56.6543
-8.4789
30.8598
16.1546
2.1699
-30.7806
19.4050
-19.7307
-30.5018
-3.0342
-21.8097
-8.7635
39.5031
